35,12
35,20
35,18
35,17
35,16
35,15
35,8
35,4
35,11
35,21
31,7
31,5
31,4
31,3
31,0
26,4
26,3
26,0
35,13
34,9
35,14
29,4
34,7
34,6
34,5
35,5
35,19
34,10
34,4
34,3
34,0
28,4
28,5
2,4
29,3
29,0
28,3
28,0
27,3
27,0
35,10
25,41
25,6
25,12
25,4
25,3
25,0
24,7
24,4
2,6
2,3
1,3
0,304
0,303
24,3
0,12
0,1
0,11
0,10
24,0
0,8
33,72
33,71
33,70
33,69
35,9
35,3
33,4
33,67
33,65
33,131
33,64
33,3
33,5
35,0
2,1
2,0
1,0
4,1
4,3
4,0
35,22
35,6
35,1
34,1
33,68
33,2
31,1
29,1
28,1
27,4
27,1
26,1
25,1
24,1
1,1
0,408
0,379
0,322
0,243
33,1
33,0
0,9
0,310
0,305
0,308
0,302
0,307
0,0
0,382
0,300
0,380
0,299
0,441
0,298
0,429
0,297
0,398
0,296
0,335
0,295
0,426
0,294
0,293
0,385
0,292
0,345
0,291
0,397
